Node1:
0.8631862091844721
0.9990134479201017
0.37749755810720986
0.6411462717370647
0.2381437412841917
0.9448085114398584
Node2:
0.07189238493945027
0.26040180713242533
0.03367094173731888
0.63392998421363
0.25159723162380765
0.5513778578386395
Node3:
0.9390862603430198
0.6491874537728849
0.8727916782419974
0.7442649732373229
0.774350447139854
0.6796977266920996
Node4:
0.00764024905200944
0.10117261639108865
0.6488993675351333
0.29664246087726054
0.5526490162306598
0.4795964625554291
Node5:
0.485155882306638
0.32554269828600657
0.2343840283558143
0.46790139699690425
0.04041086936070759
0.3447778781166476
Node6:
0.09007092361745561
0.6215617669402527
0.8717871191351197
0.9054712811231531
0.7688837748784044
0.649394121927888
Node7:
0.6242495515168315
0.815261351998941
0.9178181574983794
0.3689956748192573
0.6313812829017292
0.02136530604208997
Node8:
0.441205620963529
0.39708569746062494
0.3832072060634264
0.7785269148077151
0.15230473331453442
0.13589871204546733
Node9:
0.9146551828984724
0.3128037430332473
0.9032796323113491
0.9493157660498465
0.37835929740494956
0.06903216923109101
Node10:
0.9370637546287719
0.8886530188962645
0.4385779741594137
0.19225583201635965
0.44583719736801286
0.42845035623408667
Node11:
0.545820022917349
0.132232577976229
0.7921017450804245
0.36488446911934236
0.6428556938856588
0.3129469493473488
Node12:
0.018393152329952533
0.24219306232670568
0.8669365321576133
0.9291237403807426
0.5601809239731314
0.5284197450414034
Node13:
0.3993807829088458
0.22604308781480864
0.9590910593722671
0.6213451714545056
0.07912268384995003
0.07966805035724156
Node14:
0.3511398796345667
0.8068312179095682
0.2805269616996662
0.5101594494380894
0.9334624090939628
0.9050856380486383
Node15:
0.40517599988233244
0.9383251860677443
0.08362374914498005
0.111622658083671
0.6224357392541269
0.14559936822076958
Node16:
0.46321127745353086
0.4162065862585316
0.6155798216515361
0.7793671235723696
0.13339726769055082
0.03599739237110222
Node17:
0.9970525277423168
0.7095027550013958
0.3987064019387675
0.9591550026753153
0.7681370370085695
0.8078761116441148
Node18:
0.5141367820008057
0.8390467474010755
0.7386874053731974
0.4501976541410363
0.1307604708315655
0.5763507295701863
Node19:
0.1949225986035945
0.5890858008200239
0.0725518579203589
0.7748441719446454
0.09454020953215658
0.013600215547547978
Node20:
0.6941730909992
0.027266618511704976
0.30526265687313614
0.9654507201034637
0.7538697433360588
0.47542048807451776
Node21:
0.9636130198442245
0.10577334628885082
0.71022061816505
0.1973220627547957
0.6589282836125957
0.8337352363883924
Node22:
0.22563336534891365
0.806466415836634
0.011030193938149524
0.3569963301495145
0.8376170217394762
0.8560221668731861
Node23:
0.8930113115819158
0.8274105378242187
0.0077880840231510096
0.11770167108011753
0.5302679260444441
0.3249358782536951
Node24:
0.18099420662147025
0.4994427766205979
0.5190236709831217
0.5786532444386185
0.7371632275803852
0.5154848462784092
Node25:
0.5659628214238739
0.9806403890230936
0.623596415878711
0.8037019353117048
0.33223131995499144
0.676030297381655
Node26:
0.16841033106180925
0.5927485376993
0.3152255314090209
0.11031434121514638
0.4332566366088807
0.9495013620674715
Node27:
0.9143514667566476
0.8339162513720694
0.9693009301130983
0.31996373241031106
0.7701590523134599
0.38985180981923917
Node28:
0.17023153954312364
0.7294728922393026
0.1844009872471808
0.7659700919738028
0.9668085577603146
0.042773864265191475
Node29:
0.9689454609213851
0.08023336143564819
0.29065355184439445
0.5937643607142234
0.295074874966482
0.978983621949206
Node30:
0.47525640821875836
0.08427828758782285
0.8585100073104578
0.5282335626749705
0.07200830085747956
0.043938579695940616
Node31:
0.3581396324503421
0.39293109682240057
0.10223629829837855
0.13172115817100538
0.7551111528578812
0.9989785312592314
Node32:
0.08700071067788728
0.8880771963734582
0.4376026073917997
0.77968707929794
0.16370492129886238
0.45836742347041237
Node33:
0.5853185287293254
0.8705329272967188
0.7533785790408344
0.5390755357417131
0.0972410183675042
0.12557387354384786
Node34:
0.5530036459646873
0.2396977579679176
0.49455712697358345
0.45758855497719386
0.7687082020495185
0.20831953309278917
Node35:
0.8225305549053414
0.4542368431291136
0.7036116575989423
0.08529105346350241
0.04947248513532165
0.1600918314971288
Node36:
0.6632526398023229
0.9117026444122652
0.7794451024894349
0.6191828927861961
0.003968086957479522
0.2088793938199448
Node37:
0.2511932388580832
0.6705223140204637
0.9037315830931818
0.6823158918912384
0.17773159162077057
0.4148505861528127
Node38:
0.92841784223816
0.5198518455536552
0.35960981339512266
0.3321889748138944
0.714627333569274
0.1204695434790376
Node39:
0.9170170974162813
0.8932475232846123
0.4599131307161223
0.14369738897805218
0.8353408474520023
0.6515269314072955
Node40:
0.06466035412544102
0.1629894285321677
0.9733826711984838
0.4037861266240339
0.8338189464240631
0.5772926714996596
Node41:
0.4272607655571541
0.6521449449401884
0.9536974961421901
0.1391395308898421
0.6254017673292579
0.7527462521492913
Node42:
0.6496438674301915
0.06464221703500383
0.022205262901803913
0.14533850138502336
0.5973625500759651
0.4171235779461546
Node43:
0.5708194771579024
0.4788743726353488
0.9333109515228422
0.5084060490697997
0.864937105203666
0.5697448159224364
Node44:
0.18591875495885934
0.1366660220903939
0.6557980045475491
0.3818108966697129
0.8802267137511914
0.8880680464942737
Node45:
0.058782017822530896
0.9694309987238298
0.981921809804263
0.9728105749310212
0.5520511396933955
0.9116480795629105
Node46:
0.8117273825792944
0.2450532323942659
0.4520955687695477
0.768657723110082
0.5310944825739845
0.7289413784320524
Node47:
0.6632228463484333
0.3641399183893186
0.8001410835682092
0.04384154005653296
0.9721074040841748
0.9193429668187548
Node48:
0.008959252443191512
0.12449285597419435
0.625790924872726
0.8009568773017752
0.930165812878955
0.004521026207305989
Node49:
0.42854827883721514
0.37887045743866865
0.8229117420497652
0.8146319663783248
0.003630039951474373
0.9292363711778758
Node50:
0.6753035568236657
0.8277033918326633
0.3881487375764986
0.8665364132858728
0.29818236612508153
0.8477507476787313
Node51:
0.17203953049700194
0.7421286980597257
0.08175959594569349
0.7874073907293326
0.8855536827759752
0.9945686372059142
Node52:
0.2460296175986223
0.7664720674728563
0.791399574393063
0.3060880726047328
0.13423443455041195
0.19403611474674443
Node53:
0.506973998374656
0.03875408573100414
0.31641439462290266
0.11426038267626637
0.6194646557896021
0.7684744936927784
Node54:
0.843860347746236
0.49632549743983023
0.5067811343981081
0.33408277981400913
0.2952332875843847
0.722287428808484
Node55:
0.008944212152561914
0.19212485497823306
0.19426640917889115
0.92001587053355
0.10860746591646497
0.4719189652855206
Node56:
0.11279084280257146
0.2212317504608965
0.07655135359107312
0.396971513259334
0.39751408068177974
0.8867778302728144
Node57:
0.1027903348772583
0.6563113847718447
0.7208901022609121
0.09431430830832721
0.5036699126752346
0.2506507792059305
Node58:
0.7117456424100839
0.13995410086857019
0.847828823294465
0.10783802983112234
0.5793888648389046
0.6727843671574408
Node59:
0.19885581377749173
0.12912998226757844
0.1529170606512148
0.1336159032113715
0.9140121371292699
0.8223814159073809
Node60:
0.9287798112585631
0.7592972489019977
0.40410465456663003
0.6088040938704509
0.6428487889901098
0.18070376405536304
Node61:
0.20690646703246718
0.91741526390302
0.2466152204447586
0.11571570424885969
0.14916643968381893
0.423027600280937
Node62:
0.6501378612878103
0.3775725675136312
0.34923752915130546
0.16053515483991254
0.3001469507391422
0.4594032230446272
Node63:
0.38951145412226096
0.31233490638837
0.5744850733473423
0.44295077730948407
0.5890181071634686
0.16879970834323987
Node64:
0.3751446776661266
0.8719639254422858
0.6656579208311347
0.5797695312367428
0.23297877486737584
0.5359164798093288
