couche cache
Node1:
0.41194815965182663
0.5404379153499075
0.6488439577397984
0.197527859477455
0.798398897568188
0.28100529253485784
0.848122276869049
0.41398729471962836
0.14707472048635628
0.18320093811045135
0.5553392580968235
0.5004661378228249
0.052098524823903536
0.9939241201778211
0.20883381897143727
0.2924452235884559
0.07945924837541085
0.2858311703341295
0.17673133606924696
0.6529037731009159
0.459069546911281
0.9784444737022092
0.19965034774011747
0.47294759813332743
0.4465859834706011
