Node1:
0.2697281568181604
0.3609947873494902
0.7508526583778171
0.5915587306058092
Node2:
0.836077550032987
0.07577483166985544
0.6523106362507313
0.460096167265993
Node3:
0.06128366422926468
0.6093645372918802
0.8297022866296367
0.9575711606800617
Node4:
0.4130674694709412
0.9812136788293673
0.43757791385818956
0.8284463628891828
Node5:
0.7140663425860513
0.0453577371646674
0.9997753202429246
0.9723358584334765
Node6:
0.9149198596341401
0.8839402486017213
0.10675770483012037
0.8228596605270677
Node7:
0.008042739274240374
0.7396064193947256
0.36713992159607967
0.19027826792040503
Node8:
0.8771275259102286
0.44853602867227615
0.08067466693857628
0.5638408578360719
Node9:
0.31047616298959546
0.46075124013571944
0.37312256464277227
0.9114465079184529
Node10:
0.03569688919061487
0.6615610210143188
0.4300927919944737
0.4863600470737883
Node11:
0.5364293040757788
0.9858894167332629
0.9731363860317486
0.9360647145634784
Node12:
0.45122936467738317
0.9503109733622759
0.7754447255969014
0.5301246593556753
Node13:
0.3272665290272385
0.7448248694409877
0.780975951100493
0.8869919547806747
Node14:
0.2509740582774842
0.2787326791359822
0.04773489288077981
0.5787646310934403
Node15:
0.7850776087933036
0.038816602590681426
0.13188461667575768
0.1944217624515444
Node16:
0.36832195811456236
0.7091739620705529
0.7001885076243912
0.7881472481048668
Node17:
0.7877804195764023
0.17205579928807124
0.7879544002086153
0.8818817217691418
Node18:
0.5124665192902862
0.11517075897044404
0.212692135647493
0.37878619275940095
Node19:
0.15617693995632276
0.43071608269419126
0.15676275492252045
0.4278984216456193
Node20:
0.5257298399596799
0.6980649210625259
0.11596950820712582
0.2626067715144581
Node21:
0.6430726996285802
0.1157829896494722
0.9196318253425241
0.8044809294872086
Node22:
0.4939164763522058
0.6899723847929514
0.08535297036715872
0.6481267955970774
Node23:
0.15231881782072154
0.5359129213496434
0.18000819257559975
0.8002542945227897
Node24:
0.3629047439555776
0.3718002012306768
0.2697049723770252
0.4528225992741467
Node25:
0.2215070243451278
0.2947617084548444
0.3564163936825381
0.6283865744028289
Node26:
0.9988175152439517
0.614641332027298
0.6403737595966384
0.3313919055151786
Node27:
0.8149002794120507
0.5443167984653923
0.4988420096263714
0.9159074496683184
Node28:
0.8109842660133862
0.9853601018228522
0.5445214318449098
0.405740853622373
Node29:
0.5306759248067572
0.47942261073059134
0.7359180417335359
0.12920645012679066
Node30:
0.09782887047748834
0.19805898234718744
0.02194031494315296
0.05692985928550698
Node31:
0.4192637858582966
0.09208846766491274
0.8675655831873005
0.464891541159016
Node32:
0.3977794461704217
0.22391465609071282
0.2730307059843745
0.622643891560862
Node33:
0.43028427362459465
0.2663373285543317
0.03483099363688669
0.004267376930398359
Node34:
0.6818036709768716
0.47143421447809497
0.9107436719906429
0.05064375865842974
Node35:
0.019521863106152337
0.642172733025378
0.07541076114441869
0.08947973733685521
Node36:
0.18098368405295506
0.2485510714953616
0.6576429024249365
0.6797494045380728
Node37:
0.6132411469657936
0.5571174324497513
0.24061468525379193
0.04585895295981335
Node38:
0.7370507130862833
0.1103553219336344
0.3177619406545251
0.9777265007775231
Node39:
0.5285447991498666
0.13924802089555666
0.1897029535242195
0.668022999091339
Node40:
0.8927781366635696
0.9969393769971004
0.9628552427660314
0.798338805834399
Node41:
0.5655164294641433
0.8616748504354902
0.39772707350090664
0.02811335856282049
Node42:
0.05016699137350622
0.43532920648037
0.39186140766915245
0.6403861830152152
Node43:
0.05554988049570486
0.7813471095794869
0.8899465512459258
0.21225224575044066
Node44:
0.6481391136640433
0.06900547172408489
0.910007555469991
0.501819239152942
Node45:
0.9732970953553798
0.4055489901234337
0.15754891644849622
0.86498982942117
Node46:
0.20753995820236326
0.818404952026712
0.9677132025863402
0.9006727993126742
Node47:
0.7555451081990436
0.19336121370451076
0.6703090576395385
0.6062874234551632
Node48:
0.5468808287121666
0.6961374836163428
0.28428056907781296
0.18559717638271522
Node49:
0.9014942046236231
0.4274702584051183
0.665947479483746
0.7556071052620759
Node50:
0.13868884782118573
0.6526512571661772
0.6623462971522999
0.27830548710846903
Node51:
0.7870762918019782
0.3090626651076499
0.7311558334391244
0.2505903457871751
Node52:
0.40372868896839986
0.17519808972181783
0.6649089846027266
0.729210790973697
Node53:
0.6470008972292881
0.9570449539896542
0.16633263496648132
0.13259836321265117
Node54:
0.21435788655335675
0.6784092207966594
0.2649371008811654
0.5818888421162851
Node55:
0.9822817392954608
0.4488757055013609
0.1496333452848545
0.07238169333934052
Node56:
0.33012005680139567
0.40404059880840704
0.3878469486649707
0.9998790419671084
Node57:
0.22139612348666882
0.33836348459087795
0.42222083978155545
0.09227905181547202
Node58:
0.5685178340627441
0.34338391489734466
0.5886622735028343
0.6548457529972844
Node59:
0.5407206374782093
0.2933258134168245
0.5859931540000326
0.01832212877146777
Node60:
0.3131488140948351
0.16790393970444317
0.024408624027288828
0.9674992846507247
Node61:
0.325778545314919
0.28161007874199084
0.6657080278153291
0.3284599753571309
Node62:
0.08491529095448358
0.16104354511604813
0.5742119011573787
0.42462553012143933
Node63:
0.04923176486902381
0.8931120423524259
0.2555625468848175
0.1750856042223291
Node64:
0.8002402521818478
0.4992458126206273
0.3636024865317423
0.3244057846399375
